#here is some sample data corresponding to Autuga Alabama ranging from 10/1/2020 to 4/1/2021 (184 days)

#DS/Dt data of shape (184,1)
DS = tensor([[ -346.8000],
        [ -353.4000],
        [ -361.2000],
        [ -356.8000],
        [ -355.4000],
        [ -364.6000],
        [ -341.4000],
        [ -356.0000],
        [ -371.8000],
        [ -374.2000],
        [ -367.4000],
        [ -380.2000],
        [ -364.0000],
        [ -377.2000],
        [ -378.6000],
        [ -380.2000],
        [ -387.0000],
        [ -388.0000],
        [ -389.2000],
        [-2400.6001],
        [ 2001.8000],
        [ -392.4000],
        [ -393.0000],
        [ -396.0000],
        [ -405.0000],
        [ -396.8000],
        [ -397.6000],
        [ -410.0000],
        [ -406.8000],
        [ -416.8000],
        [ -419.6000],
        [ -423.4000],
        [ -424.0000],
        [ -423.0000],
        [ -430.8000],
        [ -435.8000],
        [ -422.4000],
        [ -436.2000],
        [ -440.4000],
        [ -465.6000],
        [ -442.6000],
        [ -436.2000],
        [ -445.0000],
        [ -465.4000],
        [ -466.0000],
        [ -466.2000],
        [ -471.2000],
        [ -478.2000],
        [ -480.8000],
        [ -484.8000],
        [ -499.0000],
        [ -499.4000],
        [ -506.4000],
        [ -499.8000],
        [ -507.2000],
        [ -519.2000],
        [ -528.8000],
        [ -524.2000],
        [ -531.0000],
        [ -521.2000],
        [ -518.0000],
        [ -508.6000],
        [ -554.6000],
        [ -526.6000],
        [ -555.0000],
        [ -569.8000],
        [ -563.0000],
        [ -564.6000],
        [ -587.4000],
        [ -554.4000],
        [ -590.2000],
        [ -621.6000],
        [ -609.6000],
        [ -631.0000],
        [ -568.8000],
        [ -601.2000],
        [ -642.0000],
        [ -637.0000],
        [ -678.4000],
        [ -696.6000],
        [ -709.2000],
        [ -695.0000],
        [ -720.2000],
        [ -724.8000],
        [ -740.4000],
        [ -789.0000],
        [ -769.8000],
        [ -769.8000],
        [ -773.0000],
        [ -762.0000],
        [ -806.8000],
        [ -789.0000],
        [ -818.8000],
        [ -816.6000],
        [ -830.0000],
        [ -657.2000],
        [ -810.2000],
        [ -869.0000],
        [ -876.0000],
        [ -877.0000],
        [ -937.4000],
        [ -952.8000],
        [ -912.4000],
        [ -966.0000],
        [ -922.6000],
        [ -987.0000],
        [ -969.6000],
        [-1000.8000],
        [-1022.8000],
        [-1010.6000],
        [-1015.4000],
        [-1038.4000],
        [ -997.0000],
        [-1034.4000],
        [-1053.6000],
        [-1044.2000],
        [-1048.4000],
        [-1029.0000],
        [-1044.8000],
        [-1068.8000],
        [-1119.2000],
        [-1046.2000],
        [-1119.8000],
        [-1096.6000],
        [-1114.6000],
        [-1092.6000],
        [-1149.2000],
        [-1132.8000],
        [-1158.2000],
        [-1161.8000],
        [-1147.2000],
        [-1162.0000],
        [-1146.0000],
        [-1180.0000],
        [-1178.8000],
        [-1179.4000],
        [-1203.6000],
        [-1190.8000],
        [-1195.6000],
        [-1189.0000],
        [-1206.2000],
        [-1202.8000],
        [-1193.4000],
        [-1219.4000],
        [-1202.2000],
        [-1199.6000],
        [-1203.4000],
        [-1215.6000],
        [-1225.6000],
        [-1233.6000],
        [-1246.8000],
        [-1221.0000],
        [-1250.6000],
        [-1251.6000],
        [-1255.8000],
        [-1255.6000],
        [-1265.8000],
        [-1252.4000],
        [-1265.8000],
        [-1245.2000],
        [-1271.0000],
        [-1281.8000],
        [-1274.8000],
        [-1273.2000],
        [-1240.2000],
        [-1291.2000],
        [-1285.8000],
        [-1284.6000],
        [-1296.0000],
        [-1287.6000],
        [-1299.0000],
        [-1298.6000],
        [-1295.4000],
        [-1297.0000],
        [-1299.6000],
        [-1305.0000],
        [-1289.6000],
        [-1304.4000],
        [-1307.0000],
        [-1312.4000],
        [-1307.0000],
        [-1311.8000]])

#this is sample training data of shape (184,4) with features Population,PopulationDensity,Houses,HouseDensity

training_data = tensor([[5.8805e+04, 9.8923e+01, 2.4350e+04, 4.0962e+01],
        [5.8805e+04, 9.8923e+01, 2.4350e+04, 4.0962e+01],
        [5.8805e+04, 9.8923e+01, 2.4350e+04, 4.0962e+01],
        [5.8805e+04, 9.8923e+01, 2.4350e+04, 4.0962e+01],
        [5.8805e+04, 9.8923e+01, 2.4350e+04, 4.0962e+01],
        [5.8805e+04, 9.8923e+01, 2.4350e+04, 4.0962e+01],
        [5.8805e+04, 9.8923e+01, 2.4350e+04, 4.0962e+01],
        [5.8805e+04, 9.8923e+01, 2.4350e+04, 4.0962e+01],
        [5.8805e+04, 9.8923e+01, 2.4350e+04, 4.0962e+01],
        [5.8805e+04, 9.8923e+01, 2.4350e+04, 4.0962e+01],
        [5.8805e+04, 9.8923e+01, 2.4350e+04, 4.0962e+01],
        [5.8805e+04, 9.8923e+01, 2.4350e+04, 4.0962e+01],
        [5.8805e+04, 9.8923e+01, 2.4350e+04, 4.0962e+01],
        [5.8805e+04, 9.8923e+01, 2.4350e+04, 4.0962e+01],
        [5.8805e+04, 9.8923e+01, 2.4350e+04, 4.0962e+01],
        [5.8805e+04, 9.8923e+01, 2.4350e+04, 4.0962e+01],
        [5.8805e+04, 9.8923e+01, 2.4350e+04, 4.0962e+01],
        [5.8805e+04, 9.8923e+01, 2.4350e+04, 4.0962e+01],
        [5.8805e+04, 9.8923e+01, 2.4350e+04, 4.0962e+01],
        [5.8805e+04, 9.8923e+01, 2.4350e+04, 4.0962e+01],
        [5.8805e+04, 9.8923e+01, 2.4350e+04, 4.0962e+01],
        [5.8805e+04, 9.8923e+01, 2.4350e+04, 4.0962e+01],
        [5.8805e+04, 9.8923e+01, 2.4350e+04, 4.0962e+01],
        [5.8805e+04, 9.8923e+01, 2.4350e+04, 4.0962e+01],
        [5.8805e+04, 9.8923e+01, 2.4350e+04, 4.0962e+01],
        [5.8805e+04, 9.8923e+01, 2.4350e+04, 4.0962e+01],
        [5.8805e+04, 9.8923e+01, 2.4350e+04, 4.0962e+01],
        [5.8805e+04, 9.8923e+01, 2.4350e+04, 4.0962e+01],
        [5.8805e+04, 9.8923e+01, 2.4350e+04, 4.0962e+01],
        [5.8805e+04, 9.8923e+01, 2.4350e+04, 4.0962e+01],
        [5.8805e+04, 9.8923e+01, 2.4350e+04, 4.0962e+01],
        [5.8805e+04, 9.8923e+01, 2.4350e+04, 4.0962e+01],
        [5.8805e+04, 9.8923e+01, 2.4350e+04, 4.0962e+01],
        [5.8805e+04, 9.8923e+01, 2.4350e+04, 4.0962e+01],
        [5.8805e+04, 9.8923e+01, 2.4350e+04, 4.0962e+01],
        [5.8805e+04, 9.8923e+01, 2.4350e+04, 4.0962e+01],
        [5.8805e+04, 9.8923e+01, 2.4350e+04, 4.0962e+01],
        [5.8805e+04, 9.8923e+01, 2.4350e+04, 4.0962e+01],
        [5.8805e+04, 9.8923e+01, 2.4350e+04, 4.0962e+01],
        [5.8805e+04, 9.8923e+01, 2.4350e+04, 4.0962e+01],
        [5.8805e+04, 9.8923e+01, 2.4350e+04, 4.0962e+01],
        [5.8805e+04, 9.8923e+01, 2.4350e+04, 4.0962e+01],
        [5.8805e+04, 9.8923e+01, 2.4350e+04, 4.0962e+01],
        [5.8805e+04, 9.8923e+01, 2.4350e+04, 4.0962e+01],
        [5.8805e+04, 9.8923e+01, 2.4350e+04, 4.0962e+01],
        [5.8805e+04, 9.8923e+01, 2.4350e+04, 4.0962e+01],
        [5.8805e+04, 9.8923e+01, 2.4350e+04, 4.0962e+01],
        [5.8805e+04, 9.8923e+01, 2.4350e+04, 4.0962e+01],
        [5.8805e+04, 9.8923e+01, 2.4350e+04, 4.0962e+01],
        [5.8805e+04, 9.8923e+01, 2.4350e+04, 4.0962e+01],
        [5.8805e+04, 9.8923e+01, 2.4350e+04, 4.0962e+01],
        [5.8805e+04, 9.8923e+01, 2.4350e+04, 4.0962e+01],
        [5.8805e+04, 9.8923e+01, 2.4350e+04, 4.0962e+01],
        [5.8805e+04, 9.8923e+01, 2.4350e+04, 4.0962e+01],
        [5.8805e+04, 9.8923e+01, 2.4350e+04, 4.0962e+01],
        [5.8805e+04, 9.8923e+01, 2.4350e+04, 4.0962e+01],
        [5.8805e+04, 9.8923e+01, 2.4350e+04, 4.0962e+01],
        [5.8805e+04, 9.8923e+01, 2.4350e+04, 4.0962e+01],
        [5.8805e+04, 9.8923e+01, 2.4350e+04, 4.0962e+01],
        [5.8805e+04, 9.8923e+01, 2.4350e+04, 4.0962e+01],
        [5.8805e+04, 9.8923e+01, 2.4350e+04, 4.0962e+01],
        [5.8805e+04, 9.8923e+01, 2.4350e+04, 4.0962e+01],
        [5.8805e+04, 9.8923e+01, 2.4350e+04, 4.0962e+01],
        [5.8805e+04, 9.8923e+01, 2.4350e+04, 4.0962e+01],
        [5.8805e+04, 9.8923e+01, 2.4350e+04, 4.0962e+01],
        [5.8805e+04, 9.8923e+01, 2.4350e+04, 4.0962e+01],
        [5.8805e+04, 9.8923e+01, 2.4350e+04, 4.0962e+01],
        [5.8805e+04, 9.8923e+01, 2.4350e+04, 4.0962e+01],
        [5.8805e+04, 9.8923e+01, 2.4350e+04, 4.0962e+01],
        [5.8805e+04, 9.8923e+01, 2.4350e+04, 4.0962e+01],
        [5.8805e+04, 9.8923e+01, 2.4350e+04, 4.0962e+01],
        [5.8805e+04, 9.8923e+01, 2.4350e+04, 4.0962e+01],
        [5.8805e+04, 9.8923e+01, 2.4350e+04, 4.0962e+01],
        [5.8805e+04, 9.8923e+01, 2.4350e+04, 4.0962e+01],
        [5.8805e+04, 9.8923e+01, 2.4350e+04, 4.0962e+01],
        [5.8805e+04, 9.8923e+01, 2.4350e+04, 4.0962e+01],
        [5.8805e+04, 9.8923e+01, 2.4350e+04, 4.0962e+01],
        [5.8805e+04, 9.8923e+01, 2.4350e+04, 4.0962e+01],
        [5.8805e+04, 9.8923e+01, 2.4350e+04, 4.0962e+01],
        [5.8805e+04, 9.8923e+01, 2.4350e+04, 4.0962e+01],
        [5.8805e+04, 9.8923e+01, 2.4350e+04, 4.0962e+01],
        [5.8805e+04, 9.8923e+01, 2.4350e+04, 4.0962e+01],
        [5.8805e+04, 9.8923e+01, 2.4350e+04, 4.0962e+01],
        [5.8805e+04, 9.8923e+01, 2.4350e+04, 4.0962e+01],
        [5.8805e+04, 9.8923e+01, 2.4350e+04, 4.0962e+01],
        [5.8805e+04, 9.8923e+01, 2.4350e+04, 4.0962e+01],
        [5.8805e+04, 9.8923e+01, 2.4350e+04, 4.0962e+01],
        [5.8805e+04, 9.8923e+01, 2.4350e+04, 4.0962e+01],
        [5.8805e+04, 9.8923e+01, 2.4350e+04, 4.0962e+01],
        [5.8805e+04, 9.8923e+01, 2.4350e+04, 4.0962e+01],
        [5.8805e+04, 9.8923e+01, 2.4350e+04, 4.0962e+01],
        [5.8805e+04, 9.8923e+01, 2.4350e+04, 4.0962e+01],
        [5.8805e+04, 9.8923e+01, 2.4350e+04, 4.0962e+01],
        [5.8805e+04, 9.8923e+01, 2.4350e+04, 4.0962e+01],
        [5.8805e+04, 9.8923e+01, 2.4350e+04, 4.0962e+01],
        [5.8805e+04, 9.8923e+01, 2.4350e+04, 4.0962e+01],
        [5.8805e+04, 9.8923e+01, 2.4350e+04, 4.0962e+01],
        [5.8805e+04, 9.8923e+01, 2.4350e+04, 4.0962e+01],
        [5.8805e+04, 9.8923e+01, 2.4350e+04, 4.0962e+01],
        [5.8805e+04, 9.8923e+01, 2.4350e+04, 4.0962e+01],
        [5.8805e+04, 9.8923e+01, 2.4350e+04, 4.0962e+01],
        [5.8805e+04, 9.8923e+01, 2.4350e+04, 4.0962e+01],
        [5.8805e+04, 9.8923e+01, 2.4350e+04, 4.0962e+01],
        [5.8805e+04, 9.8923e+01, 2.4350e+04, 4.0962e+01],
        [5.8805e+04, 9.8923e+01, 2.4350e+04, 4.0962e+01],
        [5.8805e+04, 9.8923e+01, 2.4350e+04, 4.0962e+01],
        [5.8805e+04, 9.8923e+01, 2.4350e+04, 4.0962e+01],
        [5.8805e+04, 9.8923e+01, 2.4350e+04, 4.0962e+01],
        [5.8805e+04, 9.8923e+01, 2.4350e+04, 4.0962e+01],
        [5.8805e+04, 9.8923e+01, 2.4350e+04, 4.0962e+01],
        [5.8805e+04, 9.8923e+01, 2.4350e+04, 4.0962e+01],
        [5.8805e+04, 9.8923e+01, 2.4350e+04, 4.0962e+01],
        [5.8805e+04, 9.8923e+01, 2.4350e+04, 4.0962e+01],
        [5.8805e+04, 9.8923e+01, 2.4350e+04, 4.0962e+01],
        [5.8805e+04, 9.8923e+01, 2.4350e+04, 4.0962e+01],
        [5.8805e+04, 9.8923e+01, 2.4350e+04, 4.0962e+01],
        [5.8805e+04, 9.8923e+01, 2.4350e+04, 4.0962e+01],
        [5.8805e+04, 9.8923e+01, 2.4350e+04, 4.0962e+01],
        [5.8805e+04, 9.8923e+01, 2.4350e+04, 4.0962e+01],
        [5.8805e+04, 9.8923e+01, 2.4350e+04, 4.0962e+01],
        [5.8805e+04, 9.8923e+01, 2.4350e+04, 4.0962e+01],
        [5.8805e+04, 9.8923e+01, 2.4350e+04, 4.0962e+01],
        [5.8805e+04, 9.8923e+01, 2.4350e+04, 4.0962e+01],
        [5.8805e+04, 9.8923e+01, 2.4350e+04, 4.0962e+01],
        [5.8805e+04, 9.8923e+01, 2.4350e+04, 4.0962e+01],
        [5.8805e+04, 9.8923e+01, 2.4350e+04, 4.0962e+01],
        [5.8805e+04, 9.8923e+01, 2.4350e+04, 4.0962e+01],
        [5.8805e+04, 9.8923e+01, 2.4350e+04, 4.0962e+01],
        [5.8805e+04, 9.8923e+01, 2.4350e+04, 4.0962e+01],
        [5.8805e+04, 9.8923e+01, 2.4350e+04, 4.0962e+01],
        [5.8805e+04, 9.8923e+01, 2.4350e+04, 4.0962e+01],
        [5.8805e+04, 9.8923e+01, 2.4350e+04, 4.0962e+01],
        [5.8805e+04, 9.8923e+01, 2.4350e+04, 4.0962e+01],
        [5.8805e+04, 9.8923e+01, 2.4350e+04, 4.0962e+01],
        [5.8805e+04, 9.8923e+01, 2.4350e+04, 4.0962e+01],
        [5.8805e+04, 9.8923e+01, 2.4350e+04, 4.0962e+01],
        [5.8805e+04, 9.8923e+01, 2.4350e+04, 4.0962e+01],
        [5.8805e+04, 9.8923e+01, 2.4350e+04, 4.0962e+01],
        [5.8805e+04, 9.8923e+01, 2.4350e+04, 4.0962e+01],
        [5.8805e+04, 9.8923e+01, 2.4350e+04, 4.0962e+01],
        [5.8805e+04, 9.8923e+01, 2.4350e+04, 4.0962e+01],
        [5.8805e+04, 9.8923e+01, 2.4350e+04, 4.0962e+01],
        [5.8805e+04, 9.8923e+01, 2.4350e+04, 4.0962e+01],
        [5.8805e+04, 9.8923e+01, 2.4350e+04, 4.0962e+01],
        [5.8805e+04, 9.8923e+01, 2.4350e+04, 4.0962e+01],
        [5.8805e+04, 9.8923e+01, 2.4350e+04, 4.0962e+01],
        [5.8805e+04, 9.8923e+01, 2.4350e+04, 4.0962e+01],
        [5.8805e+04, 9.8923e+01, 2.4350e+04, 4.0962e+01],
        [5.8805e+04, 9.8923e+01, 2.4350e+04, 4.0962e+01],
        [5.8805e+04, 9.8923e+01, 2.4350e+04, 4.0962e+01],
        [5.8805e+04, 9.8923e+01, 2.4350e+04, 4.0962e+01],
        [5.8805e+04, 9.8923e+01, 2.4350e+04, 4.0962e+01],
        [5.8805e+04, 9.8923e+01, 2.4350e+04, 4.0962e+01],
        [5.8805e+04, 9.8923e+01, 2.4350e+04, 4.0962e+01],
        [5.8805e+04, 9.8923e+01, 2.4350e+04, 4.0962e+01],
        [5.8805e+04, 9.8923e+01, 2.4350e+04, 4.0962e+01],
        [5.8805e+04, 9.8923e+01, 2.4350e+04, 4.0962e+01],
        [5.8805e+04, 9.8923e+01, 2.4350e+04, 4.0962e+01],
        [5.8805e+04, 9.8923e+01, 2.4350e+04, 4.0962e+01],
        [5.8805e+04, 9.8923e+01, 2.4350e+04, 4.0962e+01],
        [5.8805e+04, 9.8923e+01, 2.4350e+04, 4.0962e+01],
        [5.8805e+04, 9.8923e+01, 2.4350e+04, 4.0962e+01],
        [5.8805e+04, 9.8923e+01, 2.4350e+04, 4.0962e+01],
        [5.8805e+04, 9.8923e+01, 2.4350e+04, 4.0962e+01],
        [5.8805e+04, 9.8923e+01, 2.4350e+04, 4.0962e+01],
        [5.8805e+04, 9.8923e+01, 2.4350e+04, 4.0962e+01],
        [5.8805e+04, 9.8923e+01, 2.4350e+04, 4.0962e+01],
        [5.8805e+04, 9.8923e+01, 2.4350e+04, 4.0962e+01],
        [5.8805e+04, 9.8923e+01, 2.4350e+04, 4.0962e+01],
        [5.8805e+04, 9.8923e+01, 2.4350e+04, 4.0962e+01],
        [5.8805e+04, 9.8923e+01, 2.4350e+04, 4.0962e+01],
        [5.8805e+04, 9.8923e+01, 2.4350e+04, 4.0962e+01],
        [5.8805e+04, 9.8923e+01, 2.4350e+04, 4.0962e+01],
        [5.8805e+04, 9.8923e+01, 2.4350e+04, 4.0962e+01],
        [5.8805e+04, 9.8923e+01, 2.4350e+04, 4.0962e+01],
        [5.8805e+04, 9.8923e+01, 2.4350e+04, 4.0962e+01],
        [5.8805e+04, 9.8923e+01, 2.4350e+04, 4.0962e+01],
        [5.8805e+04, 9.8923e+01, 2.4350e+04, 4.0962e+01],
        [5.8805e+04, 9.8923e+01, 2.4350e+04, 4.0962e+01],
        [5.8805e+04, 9.8923e+01, 2.4350e+04, 4.0962e+01],
        [5.8805e+04, 9.8923e+01, 2.4350e+04, 4.0962e+01],
        [5.8805e+04, 9.8923e+01, 2.4350e+04, 4.0962e+01]])
